789987
788779
111111
789111
789123
333789
123789
789133
332198
711123
789987
113322
789813
789123
789123
789123
127890
789123
788891
123980
113231
789123
127089
789123
789987
789932
789888
789123
087893
123789
009931
789123
789879
789132
111111
123321
111111
123789
172893
828282
123789
111111
111333
000000
789132
788887
897978
333333
978379
000000
000000
000000
000000
000000
000000
000000
000000
000000
000000
000000
000000
000000
000999
888888
888888
888888
999999
999999
999999
777777
123213
333333
777777
222222
079821
789999
777777
888988
000000
000000
777777
222222
000000
000000
000000
000000
000000
000000
!!!!!!
!!!!!!
!!!!!!
!!!!!!
!!!!!!
!!!!!!
!!!!!!
!!!!!!
!!!!!!
!!!!!!
897132
087978
000000
798312
288888
888888
777777
!!!!!!
!!!!!!
!!!!!!
789012
000000
123987
777777
777777
192800
!!!!!!
999641
912453
777777
000000
146850
000000
111111
000000
000000
111111
000000
111111
!!!!!!
!!!!!!
!!!!!!
124907
000000
777777
753159
753159
!!!!!!
!!!!!!
!!!!!!
!!!!!!
!!!!!!
!!!!!!
!!!!!!
!!!!!!
!!!!!!
!!!!!!
!!!!!!
!!!!!!
!!!!!!
!!!!!!
!!!!!!
!!!!!!
!!!!!!
!!!!!!
000000
000087
008745
087456
000000
000000
000000
000000
078900
000000
546546
654564
564654
085555
846153
008544
887888
880888
000000
777777
777777
777777
777777
777777
777777
777777
777777
000000
888888
888888
888888
145876
888888
456798
888888
088888
555478
554444
888888
888888
552416
708888
924679
000000
888888
888888
555555
888888
546213
645798
888888
555555
000000
888888
888888
555555
555555
000000
888888
000000
888888
888888
888888
555555
222222
888888
888888
888888
888888
666666
666666
888888
555555
444444
000000
!!!!!!
777777
777777
!!!!!!
777777
!!!!!!
777777
!!!!!!
123456
123456
333333
333333
333333
!!!!!!
111111
333333
555555
000000
!!!!!!
!!!!!!
!!!!!!
!!!!!!
!!!!!!
!!!!!!
!!!!!!
!!!!!!
!!!!!!
!!!!!!
!!!!!!
!!!!!!
!!!!!!
!!!!!!
!!!!!!
000000
000000
000000
000000
000000
000000
000000
!!!!!!
!!!!!!
!!!!!!
!!!!!!
!!!!!!
!!!!!!
!!!!!!
!!!!!!
!!!!!!
!!!!!!
!!!!!!
585858
000000
000000
888888
555555
!!!!!!
!!!!!!
!!!!!!
!!!!!!
!!!!!!
!!!!!!
!!!!!!
!!!!!!
!!!!!!
!!!!!!
!!!!!!
!!!!!!
!!!!!!
!!!!!!
!!!!!!
!!!!!!
!!!!!!
!!!!!!
!!!!!!
!!!!!!
!!!!!!
!!!!!!
!!!!!!
!!!!!!
!!!!!!
!!!!!!
!!!!!!
!!!!!!
!!!!!!
!!!!!!
!!!!!!
!!!!!!
080000
808888
777777
777777
777777
777777
777777
777777
777777
777777
777777
222222
222222
808080
808080
808080
808080
858459
808080
547455
808080
568475
808080
808080
258085
111111
222222
333333
111111
111111
111111
111111
111111
222222
222222
222222
222222
333333
111111
111111
